function elems = planetElements
%PLANETELEMENTS Answer the orbital elements of the planets, valid
%from 1800 to 2050. Taken from
%http://ssd.jpl.nasa.gov/txt/p_elem_t1.txt
%Description given in http://ssd.jpl.nasa.gov/txt/aprx_pos_planets.pdf
%
%elems: a 9 by 6 by 2 matrix
%First index specifies the planet
%Second index specifies the element (a, e, I, L, omega, Omega)
%Third index is 1 for the zero value e.g. a_0, or 2 for its rate
%per century 
%
%WARNING! Do not use these data for high-precision applications!

elems = zeros( 9, 6, 2 );

% Mercury   
elems(1,:,1) = [ 0.38709927 0.20563593 7.00497902 252.25032350 ...
                 77.45779628 48.33076593 ];
elems(1,:,2) = [ 0.00000037 0.00001906 -0.00594749 149472.67411175 ...
                 0.16047689 -0.12534081 ];
% Venus
elems(2,:,1) = [ 0.72333566 0.00677672 3.39467605 181.97909950 ...
                 131.60246718 76.67984255 ];
elems(2,:,2) = [ 0.00000390 -0.00004107 -0.00078890 58517.81538729 ...
                 0.00268329 -0.27769418 ];

% EM Bary (Earth)
elems(3,:,1) = [ 1.00000261 0.01671123 -0.00001531 100.46457166 ...
                 102.93768193 0.0 ];
elems(3,:,2) = [ 0.00000562 -0.00004392 -0.01294668 35999.37244981 ...
                 0.32327364 0.0 ];

% Mars
elems(4,:,1) = [ 1.52371034 0.09339410 1.84969142 -4.55343205 ...
                 -23.94362959 49.55953891 ];
elems(4,:,2) = [ 0.00001847 0.00007882 -0.00813131 19140.30268499 ...
                 0.44441088 -0.29257343 ];

% Jupiter
elems(5,:,1) = [ 5.20288700 0.04838624 1.30439695 34.39644051 ...
                 14.72847983 100.47390909 ];
elems(5,:,2) = [ -0.00011607 -0.00013253 -0.00183714 3034.74612775 ...
                 0.21252668 0.20469106 ];

% Saturn
elems(6,:,1) = [ 9.53667594 0.05386179 2.48599187 49.95424423 ...
                 92.59887831 113.66242448 ];
elems(6,:,2) = [ -0.00125060 -0.00050991 0.00193609 1222.49362201 ...
                 -0.41897216 -0.28867794 ];

% Uranus
elems(7,:,1) = [ 19.18916464 0.04725744 0.77263783 313.23810451 ...
                 170.95427630 74.01692503 ];
elems(7,:,2) = [ -0.00196176 -0.00004397 -0.00242939 428.48202785 ...
                 0.40805281 0.04240589 ];

% Neptune
elems(8,:,1) = [ 30.06992276 0.00859048 1.77004347 -55.12002969 ...
                 44.96476227 131.78422574 ];
elems(8,:,2) = [ 0.00026291 0.00005105 0.00035372 218.45945325 ...
                 -0.32241464 -0.00508664 ];

% Pluto
elems(9,:,1) = [ 39.48211675 0.24882730 17.14001206 238.92903833 ...
                 224.06891629 110.30393684 ];
elems(9,:,2) = [ -0.00031596 0.00005170 0.00004818 145.20780515 ...
                 -0.04062942 -0.01183482 ];

